-28398
-28851
-30113
-29689
-30871
-28460
-31273
-34185
-27816
0
-29481
-31881
-26515
-24220
-27396
-34536
-30075
-28204
-31071
-35347
-31418
-28414
-29322
-28485
0
-29360
-28602
-31501
-29227
-26557
-197324
-30295
-31580
-32447
-30881
-30417
-26696
-31795
-32036
-28498
-29313
-29412
-28777
-33263
-28726
-28692
-27701
-28423
-25893
-85361
-27415
-29132
-29688
-26821
-27723
-28772
-30625
-28429
-28503
-33152
-29521
-26248
-31016
-27571
-28399
-28110
-27045
-27353
-29169
-28733
-28644
-28941
-30309
-29384
-29528
-28246
-29074
-29452
-30293
-29760
0
-31367
0
-32417
-28687
-29942
-28335
-26904
0
-30016
-27773
-27351
-31144
-30321
